0.8468816876411438 0.8117178678512573 1.922074588378564e-08
0.8130257725715637 0.6002938151359558 -0.06813966482877731
0.7476021647453308 0.4091281592845917 -0.07335768640041351
0.6684361100196838 0.29778093099594116 -0.07177136838436127
0.5853937864303589 0.23055587708950043 -0.0677959993481636
0.7880563735961914 0.305103600025177 0.06786477565765381
0.6853076219558716 0.24361509084701538 0.08650083839893341
0.6086858510971069 0.22489897906780243 0.07770684361457825
0.5397337079048157 0.22907008230686188 0.06786704808473587
0.749724805355072 0.3967934548854828 0.10252467542886734
0.643632173538208 0.32516294717788696 0.12961611151695251
0.5642757415771484 0.31645601987838745 0.09787819534540176
0.49425625801086426 0.33115634322166443 0.07167667895555496
0.7153376340866089 0.4884554147720337 0.12344374507665634
0.6182985305786133 0.42144790291786194 0.13706935942173004
0.544933557510376 0.39370399713516235 0.08920955657958984
0.48149368166923523 0.39646434783935547 0.053455933928489685
0.6817890405654907 0.5845226049423218 0.13736635446548462
0.6036206483840942 0.5234890580177307 0.1413455307483673
0.5485522747039795 0.4881829619407654 0.11240790784358978
0.49875524640083313 0.46869972348213196 0.08871519565582275
